m02cDGHkXyaU 137 887.288 110911 1000 0 1000
m02cDGHkXyaU 137 647.024 80878 1000 1000 2000
m02cDGHkXyaU 137 2027.38 253423 1000 2000 3000
m02cDGHkXyaU 137 3173.66 396707 1000 3000 4000
m02cDGHkXyaU 137 2610.78 326347 1000 4000 5000
m02cDGHkXyaU 137 1884.1 235513 1000 5000 6000
m02cDGHkXyaU 137 1783.74 222968 1000 6000 7000
m02cDGHkXyaU 137 2003.54 250443 1000 7000 8000
m02cDGHkXyaU 137 2021.52 252690 1000 8000 9000
m02cDGHkXyaU 137 1903.24 237905 1000 9000 10000
m02cDGHkXyaU 137 1538.64 192330 1000 10000 11000
m02cDGHkXyaU 137 1390.33 173791 1000 11000 12000
m02cDGHkXyaU 137 1685.34 210667 1000 12000 13000
m02cDGHkXyaU 137 2311.78 288973 1000 13000 14000
m02cDGHkXyaU 137 2047.82 255978 1000 14000 15000
m02cDGHkXyaU 137 2083.43 260429 1000 15000 16000
m02cDGHkXyaU 137 1621 202625 1000 16000 17000
m02cDGHkXyaU 137 1313.22 164152 1000 17000 18000
m02cDGHkXyaU 137 1956.13 244516 1000 18000 19000
m02cDGHkXyaU 137 1690.17 211271 1000 19000 20000
m02cDGHkXyaU 137 2374.97 296871 1000 20000 21000
m02cDGHkXyaU 137 2019.21 252401 1000 21000 22000
m02cDGHkXyaU 137 1985.3 248163 1000 22000 23000
m02cDGHkXyaU 137 1891.84 236480 1000 23000 24000
m02cDGHkXyaU 137 1845.8 230725 1000 24000 25000
m02cDGHkXyaU 137 1980.74 247592 1000 25000 26000
m02cDGHkXyaU 137 2014.48 251810 1000 26000 27000
m02cDGHkXyaU 137 1871.5 233938 1000 27000 28000
m02cDGHkXyaU 137 2339.08 292385 1000 28000 29000
m02cDGHkXyaU 137 1836.3 229538 1000 29000 30000
m02cDGHkXyaU 137 1682.3 210288 1000 30000 31000
m02cDGHkXyaU 137 1763.98 220497 1000 31000 32000
m02cDGHkXyaU 137 2307.06 288382 1000 32000 33000
m02cDGHkXyaU 137 1977.93 247241 1000 33000 34000
m02cDGHkXyaU 137 1554.14 194268 1000 34000 35000
m02cDGHkXyaU 137 1527.9 190987 1000 35000 36000
m02cDGHkXyaU 137 1900.16 237520 1000 36000 37000
m02cDGHkXyaU 137 2042.44 255305 1000 37000 38000
m02cDGHkXyaU 137 1913.06 239132 1000 38000 39000
m02cDGHkXyaU 137 1913.12 239140 1000 39000 40000
m02cDGHkXyaU 137 2055.88 256985 1000 40000 41000
m02cDGHkXyaU 137 1975.88 246985 1000 41000 42000
m02cDGHkXyaU 137 1648.04 206005 1000 42000 43000
m02cDGHkXyaU 137 1705.14 213143 1000 43000 44000
m02cDGHkXyaU 137 1932.78 241598 1000 44000 45000
m02cDGHkXyaU 137 1957.96 244745 1000 45000 46000
m02cDGHkXyaU 137 1939.02 242378 1000 46000 47000
m02cDGHkXyaU 137 1934.52 241815 1000 47000 48000
m02cDGHkXyaU 137 1815.38 226922 1000 48000 49000
m02cDGHkXyaU 137 1889.46 236182 1000 49000 50000
m02cDGHkXyaU 137 1997.85 249731 1000 50000 51000
m02cDGHkXyaU 137 2044.98 255622 1000 51000 52000
m02cDGHkXyaU 137 1894.3 236787 1000 52000 53000
m02cDGHkXyaU 137 1971.22 246403 1000 53000 54000
m02cDGHkXyaU 137 2387.82 298477 1000 54000 55000
m02cDGHkXyaU 137 2169.61 271201 1000 55000 56000
m02cDGHkXyaU 137 2563.3 320412 1000 56000 57000
m02cDGHkXyaU 137 2681.73 335216 1000 57000 58000
m02cDGHkXyaU 137 2188.94 273618 1000 58000 59000
m02cDGHkXyaU 137 1965.43 245679 1000 59000 60000
m02cDGHkXyaU 137 2150.01 268751 1000 60000 61000
m02cDGHkXyaU 137 2242.62 280327 1000 61000 62000
m02cDGHkXyaU 137 2144.64 268080 1000 62000 63000
m02cDGHkXyaU 137 1836.42 229553 1000 63000 64000
m02cDGHkXyaU 137 2117.54 264692 1000 64000 65000
m02cDGHkXyaU 137 2046.66 255833 1000 65000 66000
m02cDGHkXyaU 137 2229.3 278663 1000 66000 67000
m02cDGHkXyaU 137 1930.01 241251 1000 67000 68000
m02cDGHkXyaU 137 1875.92 234490 1000 68000 69000
m02cDGHkXyaU 137 1926.63 240829 1000 69000 70000
m02cDGHkXyaU 137 1960.14 245017 1000 70000 71000
m02cDGHkXyaU 137 2059.26 257408 1000 71000 72000
m02cDGHkXyaU 137 2417.52 302190 1000 72000 73000
m02cDGHkXyaU 137 2512.4 314050 1000 73000 74000
m02cDGHkXyaU 137 2245.86 280733 1000 74000 75000
m02cDGHkXyaU 137 2507.5 313438 1000 75000 76000
m02cDGHkXyaU 137 2233.98 279247 1000 76000 77000
m02cDGHkXyaU 137 1741.19 217649 1000 77000 78000
m02cDGHkXyaU 137 2204.05 275506 1000 78000 79000
m02cDGHkXyaU 137 2377.01 297126 1000 79000 80000
m02cDGHkXyaU 137 2136.7 267088 1000 80000 81000
m02cDGHkXyaU 137 2235.46 279432 1000 81000 82000
m02cDGHkXyaU 137 2256.41 282051 1000 82000 83000
m02cDGHkXyaU 137 2251.4 281425 1000 83000 84000
m02cDGHkXyaU 137 2088.1 261013 1000 84000 85000
m02cDGHkXyaU 137 1977.46 247182 1000 85000 86000
m02cDGHkXyaU 137 2212.18 276523 1000 86000 87000
m02cDGHkXyaU 137 1674.39 209299 1000 87000 88000
m02cDGHkXyaU 137 1735.94 216993 1000 88000 89000
m02cDGHkXyaU 137 1608 201000 1000 89000 90000
m02cDGHkXyaU 137 1700.03 212504 1000 90000 91000
m02cDGHkXyaU 137 2216.1 277012 1000 91000 92000
m02cDGHkXyaU 137 2174.69 271836 1000 92000 93000
m02cDGHkXyaU 137 1833.71 229214 1000 93000 94000
m02cDGHkXyaU 137 1685.8 210725 1000 94000 95000
m02cDGHkXyaU 137 1660.14 207517 1000 95000 96000
m02cDGHkXyaU 137 1783.9 222987 1000 96000 97000
m02cDGHkXyaU 137 2268.13 283516 1000 97000 98000
m02cDGHkXyaU 137 1782.66 222833 1000 98000 99000
m02cDGHkXyaU 137 1956.35 244544 1000 99000 100000
m02cDGHkXyaU 137 1785.78 223222 1000 100000 101000
m02cDGHkXyaU 137 2268.95 283619 1000 101000 102000
m02cDGHkXyaU 137 2094.46 261808 1000 102000 103000
m02cDGHkXyaU 137 2308.03 288504 1000 103000 104000
m02cDGHkXyaU 137 1797.86 224733 1000 104000 105000
m02cDGHkXyaU 137 2111.54 263942 1000 105000 106000
m02cDGHkXyaU 137 2014.21 251776 1000 106000 107000
m02cDGHkXyaU 137 1914.22 239277 1000 107000 108000
m02cDGHkXyaU 137 2264.3 283037 1000 108000 109000
m02cDGHkXyaU 137 2367.32 295915 1000 109000 110000
m02cDGHkXyaU 137 2282.49 285311 1000 110000 111000
m02cDGHkXyaU 137 2349.8 293725 1000 111000 112000
m02cDGHkXyaU 137 2039.22 254903 1000 112000 113000
m02cDGHkXyaU 137 1935.56 241945 1000 113000 114000
m02cDGHkXyaU 137 1771.83 221479 1000 114000 115000
m02cDGHkXyaU 137 1624.83 203104 1000 115000 116000
m02cDGHkXyaU 137 1662.43 207804 1000 116000 117000
m02cDGHkXyaU 137 1849.64 231205 1000 117000 118000
m02cDGHkXyaU 137 2041.82 255227 1000 118000 119000
m02cDGHkXyaU 137 1840.29 230036 1000 119000 120000
m02cDGHkXyaU 137 1972.3 246538 1000 120000 121000
m02cDGHkXyaU 137 1638.86 204857 1000 121000 122000
m02cDGHkXyaU 137 1886.48 235810 1000 122000 123000
m02cDGHkXyaU 137 1952.58 244072 1000 123000 124000
m02cDGHkXyaU 137 1698.14 212267 1000 124000 125000
m02cDGHkXyaU 137 1904.86 238108 1000 125000 126000
m02cDGHkXyaU 137 2091.66 261457 1000 126000 127000
m02cDGHkXyaU 137 1888.3 236038 1000 127000 128000
m02cDGHkXyaU 137 1770.31 221289 1000 128000 129000
m02cDGHkXyaU 137 1667.66 208458 1000 129000 130000
m02cDGHkXyaU 137 1869.65 233706 1000 130000 131000
m02cDGHkXyaU 137 2043.58 255447 1000 131000 132000
m02cDGHkXyaU 137 1997.21 249651 1000 132000 133000
m02cDGHkXyaU 137 2128.51 266064 1000 133000 134000
m02cDGHkXyaU 137 1959.92 244990 1000 134000 135000
m02cDGHkXyaU 137 2069.71 258714 1000 135000 136000
m02cDGHkXyaU 137 1947.79 243474 1000 136000 137000
m02cDGHkXyaU 137 2014.55 251819 1000 137000 138000
m02cDGHkXyaU 137 2069.01 258626 1000 138000 139000
m02cDGHkXyaU 137 1941.65 242706 1000 139000 140000
m02cDGHkXyaU 137 1649.42 206178 1000 140000 141000
m02cDGHkXyaU 137 1928.09 241011 1000 141000 142000
m02cDGHkXyaU 137 1846.34 230793 1000 142000 143000
m02cDGHkXyaU 137 1789.3 223663 1000 143000 144000
m02cDGHkXyaU 137 1741.31 217664 1000 144000 145000
m02cDGHkXyaU 137 2151.57 268946 1000 145000 146000
m02cDGHkXyaU 137 2033.3 254162 1000 146000 147000
m02cDGHkXyaU 137 2087.72 260965 1000 147000 148000
m02cDGHkXyaU 137 2005.8 250725 1000 148000 149000
m02cDGHkXyaU 137 1907.53 238441 1000 149000 150000
m02cDGHkXyaU 137 1966.22 245777 1000 150000 151000
m02cDGHkXyaU 137 1968.47 246059 1000 151000 152000
m02cDGHkXyaU 137 1859.33 232416 1000 152000 153000
m02cDGHkXyaU 137 2376.13 297016 1000 153000 154000
m02cDGHkXyaU 137 1985.34 248167 1000 154000 155000
m02cDGHkXyaU 137 1824.91 228114 1000 155000 156000
m02cDGHkXyaU 137 2527.7 315962 1000 156000 157000
m02cDGHkXyaU 137 2445.71 305714 1000 157000 158000
m02cDGHkXyaU 137 2085.95 260744 1000 158000 159000
m02cDGHkXyaU 137 2319.32 289915 1000 159000 160000
m02cDGHkXyaU 137 2250.09 281261 1000 160000 161000
m02cDGHkXyaU 137 1837.94 229743 1000 161000 162000
m02cDGHkXyaU 137 1729.52 216190 1000 162000 163000
m02cDGHkXyaU 137 1876.63 234579 1000 163000 164000
m02cDGHkXyaU 137 1564.67 195584 1000 164000 165000
m02cDGHkXyaU 137 1918.67 239834 1000 165000 166000
m02cDGHkXyaU 137 1712.69 214086 1000 166000 167000
m02cDGHkXyaU 137 1685.63 210704 1000 167000 168000
m02cDGHkXyaU 137 1773.55 221694 1000 168000 169000
m02cDGHkXyaU 137 1529.18 191147 1000 169000 170000
m02cDGHkXyaU 137 1902.26 237782 1000 170000 171000
m02cDGHkXyaU 137 2109.62 263702 1000 171000 172000
m02cDGHkXyaU 137 1640.71 205089 1000 172000 173000
m02cDGHkXyaU 137 2068.9 258612 1000 173000 174000
m02cDGHkXyaU 137 1549.1 193637 1000 174000 175000
m02cDGHkXyaU 137 1678.51 209814 1000 175000 176000
m02cDGHkXyaU 137 1961.19 245149 1000 176000 177000
m02cDGHkXyaU 137 1792.98 224123 1000 177000 178000
m02cDGHkXyaU 137 1755.38 219423 1000 178000 179000
m02cDGHkXyaU 137 1488.66 186083 1000 179000 180000
m02cDGHkXyaU 137 1786.27 223284 1000 180000 181000
m02cDGHkXyaU 137 1913.54 239193 1000 181000 182000
m02cDGHkXyaU 137 1814.25 226781 1000 182000 183000
m02cDGHkXyaU 137 2067.48 258435 1000 183000 184000
m02cDGHkXyaU 137 1823.79 227974 1000 184000 185000
m02cDGHkXyaU 137 1890.14 236267 1000 185000 186000
m02cDGHkXyaU 137 1808.7 226088 1000 186000 187000
m02cDGHkXyaU 137 1491.96 186495 1000 187000 188000
m02cDGHkXyaU 137 1926.96 240870 1000 188000 189000
m02cDGHkXyaU 137 1583.38 197923 1000 189000 190000
m02cDGHkXyaU 137 1657.45 207181 1000 190000 191000
m02cDGHkXyaU 137 1625.35 203169 1000 191000 192000
m02cDGHkXyaU 137 1962.98 245373 1000 192000 193000
m02cDGHkXyaU 137 1667.83 208479 1000 193000 194000
m02cDGHkXyaU 137 1733.13 216641 1000 194000 195000
m02cDGHkXyaU 137 1678.61 209826 1000 195000 196000
m02cDGHkXyaU 137 1926.86 240858 1000 196000 197000
m02cDGHkXyaU 137 1804.86 225607 1000 197000 198000
m02cDGHkXyaU 137 1737.02 217128 1000 198000 199000
m02cDGHkXyaU 137 2307.09 288386 1000 199000 200000
m02cDGHkXyaU 137 1788.67 223584 1000 200000 201000
m02cDGHkXyaU 137 1794.05 224256 1000 201000 202000
m02cDGHkXyaU 137 1645.39 205674 1000 202000 203000
m02cDGHkXyaU 137 1948.93 243616 1000 203000 204000
m02cDGHkXyaU 137 2039.22 254902 1000 204000 205000
m02cDGHkXyaU 137 2139.36 267420 1000 205000 206000
m02cDGHkXyaU 137 1676.48 209560 1000 206000 207000
m02cDGHkXyaU 137 1597.5 199688 1000 207000 208000
m02cDGHkXyaU 137 1662.78 207847 1000 208000 209000
m02cDGHkXyaU 137 1650.07 206259 1000 209000 210000
m02cDGHkXyaU 137 1707.9 213488 1000 210000 211000
m02cDGHkXyaU 137 1735.82 216978 1000 211000 212000
m02cDGHkXyaU 137 1967.74 245967 1000 212000 213000
m02cDGHkXyaU 137 1849.12 231140 1000 213000 214000
m02cDGHkXyaU 137 1688.7 211088 1000 214000 215000
m02cDGHkXyaU 137 1738.25 217281 1000 215000 216000
m02cDGHkXyaU 137 1906.32 238290 1000 216000 217000
m02cDGHkXyaU 137 1767.18 220897 1000 217000 218000
m02cDGHkXyaU 137 1712.13 214016 1000 218000 219000
m02cDGHkXyaU 137 1444.66 180583 1000 219000 220000
m02cDGHkXyaU 137 1322.52 165315 1000 220000 221000
m02cDGHkXyaU 137 1846.11 230764 1000 221000 222000
m02cDGHkXyaU 137 1853.01 231626 1000 222000 223000
m02cDGHkXyaU 137 1967.65 245956 1000 223000 224000
m02cDGHkXyaU 137 1643.69 205461 1000 224000 225000
m02cDGHkXyaU 137 1923.34 240417 1000 225000 226000
m02cDGHkXyaU 137 1969.78 246222 1000 226000 227000
m02cDGHkXyaU 137 1949.39 243674 1000 227000 228000
m02cDGHkXyaU 137 1793.4 224175 1000 228000 229000
m02cDGHkXyaU 137 1773.94 221743 1000 229000 230000
m02cDGHkXyaU 137 1584.66 198083 1000 230000 231000
m02cDGHkXyaU 137 1556.39 194549 1000 231000 232000
m02cDGHkXyaU 137 1816.63 227079 1000 232000 233000
m02cDGHkXyaU 137 1914.65 239331 1000 233000 234000
m02cDGHkXyaU 137 1778.67 222334 1000 234000 235000
m02cDGHkXyaU 137 1755.5 219438 1000 235000 236000
m02cDGHkXyaU 137 1889.52 236190 1000 236000 237000
m02cDGHkXyaU 137 1801.09 225136 1000 237000 238000
m02cDGHkXyaU 137 1522.34 190293 1000 238000 239000
m02cDGHkXyaU 137 1719.66 214957 1000 239000 240000
m02cDGHkXyaU 137 2134.1 266763 1000 240000 241000
m02cDGHkXyaU 137 1965.73 245716 1000 241000 242000
m02cDGHkXyaU 137 2103.19 262899 1000 242000 243000
m02cDGHkXyaU 137 1767.99 220999 1000 243000 244000
m02cDGHkXyaU 137 1565.07 195634 1000 244000 245000
m02cDGHkXyaU 137 1697.37 212171 1000 245000 246000
m02cDGHkXyaU 137 1934.13 241766 1000 246000 247000
m02cDGHkXyaU 137 1588.54 198567 1000 247000 248000
m02cDGHkXyaU 137 2193.23 274154 1000 248000 249000
m02cDGHkXyaU 137 1897.55 237194 1000 249000 250000
m02cDGHkXyaU 137 1712.44 214055 1000 250000 251000
m02cDGHkXyaU 137 2315.44 289430 1000 251000 252000
m02cDGHkXyaU 137 1715.58 214447 1000 252000 253000
m02cDGHkXyaU 137 1485.22 185652 1000 253000 254000
m02cDGHkXyaU 137 1543.43 192929 1000 254000 255000
m02cDGHkXyaU 137 1865.78 233223 1000 255000 256000
m02cDGHkXyaU 137 1849.64 231205 1000 256000 257000
m02cDGHkXyaU 137 1870.9 233863 1000 257000 258000
m02cDGHkXyaU 137 2068.7 258587 1000 258000 259000
m02cDGHkXyaU 137 1613.29 201661 1000 259000 260000
m02cDGHkXyaU 137 1994.78 249347 1000 260000 261000
m02cDGHkXyaU 137 2015.86 251982 1000 261000 262000
m02cDGHkXyaU 137 2162.21 270276 1000 262000 263000
m02cDGHkXyaU 137 2144.02 268002 1000 263000 264000
m02cDGHkXyaU 137 1822.14 227768 1000 264000 265000
m02cDGHkXyaU 137 1723.16 215395 1000 265000 266000
m02cDGHkXyaU 137 1785.66 223208 1000 266000 267000
m02cDGHkXyaU 137 1757.33 219666 1000 267000 268000
m02cDGHkXyaU 137 1757.36 219670 1000 268000 269000
m02cDGHkXyaU 137 1502.51 187814 1000 269000 270000
m02cDGHkXyaU 137 1722.28 215285 1000 270000 271000
m02cDGHkXyaU 137 1694.29 211786 1000 271000 272000
m02cDGHkXyaU 137 1648.14 206018 1000 272000 273000
m02cDGHkXyaU 137 1866.74 233343 1000 273000 274000
m02cDGHkXyaU 137 1875.9 234487 1000 274000 275000
m02cDGHkXyaU 137 1785.02 223127 1000 275000 276000
m02cDGHkXyaU 137 1809.46 226183 1000 276000 277000
m02cDGHkXyaU 137 2757.54 344692 1000 277000 278000
m02cDGHkXyaU 137 1904.78 238097 1000 278000 279000
m02cDGHkXyaU 137 1765.45 220681 1000 279000 280000
m02cDGHkXyaU 137 1770.58 221323 1000 280000 281000
m02cDGHkXyaU 137 1760.43 220054 1000 281000 282000
m02cDGHkXyaU 137 1765.68 220710 1000 282000 283000
m02cDGHkXyaU 137 1764.3 220537 1000 283000 284000
m02cDGHkXyaU 137 1723.33 215416 1000 284000 285000
m02cDGHkXyaU 137 1655.01 206876 1000 285000 286000
m02cDGHkXyaU 137 2053.48 256685 1000 286000 287000
m02cDGHkXyaU 137 1679.5 209937 1000 287000 288000
m02cDGHkXyaU 137 2338.7 292337 1000 288000 289000
m02cDGHkXyaU 137 2266.9 283363 1000 289000 290000
m02cDGHkXyaU 137 2123.13 265391 1000 290000 291000
m02cDGHkXyaU 137 2784.08 348010 1000 291000 292000
m02cDGHkXyaU 137 3040.69 380086 1000 292000 293000
m02cDGHkXyaU 137 3061.25 382656 1000 293000 294000
m02cDGHkXyaU 137 2303 287875 1000 294000 295000
m02cDGHkXyaU 137 2962.15 370269 1000 295000 296000
m02cDGHkXyaU 137 2855.86 356982 1000 296000 297000
m02cDGHkXyaU 137 2819.55 352444 1000 297000 298000
m02cDGHkXyaU 137 2843.28 355410 1000 298000 299000
m02cDGHkXyaU 137 2878.9 359863 1000 299000 300000
m02cDGHkXyaU 137 3084.18 385522 1000 300000 301000
m02cDGHkXyaU 137 2933.46 366682 1000 301000 302000
m02cDGHkXyaU 137 2961.28 370160 1000 302000 303000
m02cDGHkXyaU 137 2551.3 318913 1000 303000 304000
m02cDGHkXyaU 137 2974.18 371772 1000 304000 305000
m02cDGHkXyaU 137 2531.02 316377 1000 305000 306000
m02cDGHkXyaU 137 2379.74 297468 1000 306000 307000
m02cDGHkXyaU 137 2441.19 305149 1000 307000 308000
m02cDGHkXyaU 137 2782.86 347857 1000 308000 309000
m02cDGHkXyaU 137 2467.64 308455 1000 309000 310000
m02cDGHkXyaU 137 2661.66 332708 1000 310000 311000
m02cDGHkXyaU 137 2754.29 344286 1000 311000 312000
m02cDGHkXyaU 137 2249.93 281241 1000 312000 313000
m02cDGHkXyaU 137 2149.53 268691 1000 313000 314000
m02cDGHkXyaU 137 1789.09 223636 1000 314000 315000
m02cDGHkXyaU 137 2153.61 269201 1000 315000 316000
m02cDGHkXyaU 137 2411.65 301456 1000 316000 317000
m02cDGHkXyaU 137 3158.58 394822 1000 317000 318000
m02cDGHkXyaU 137 2520.59 315074 1000 318000 319000
m02cDGHkXyaU 137 2606.92 325865 1000 319000 320000
m02cDGHkXyaU 137 2157.94 269743 1000 320000 321000
m02cDGHkXyaU 137 2070.08 258760 1000 321000 322000
m02cDGHkXyaU 137 2034.64 254330 1000 322000 323000
