m06hesW3f7BA 137 3359.37 420341 1001 0 1001
m06hesW3f7BA 137 361.439 45225 1001 1001 2002
m06hesW3f7BA 137 1012.39 126675 1001 2002 3003
m06hesW3f7BA 137 443.437 55485 1001 3003 4004
m06hesW3f7BA 137 3176.14 397415 1001 4004 5005
m06hesW3f7BA 137 3783.08 473358 1001 5005 6006
m06hesW3f7BA 137 4528.85 566672 1001 6006 7007
m06hesW3f7BA 137 3244.4 405955 1001 7007 8008
m06hesW3f7BA 137 3734.81 467318 1001 8008 9009
m06hesW3f7BA 137 3243.08 405790 1001 9009 10010
m06hesW3f7BA 137 3998.14 500267 1001 10010 11011
m06hesW3f7BA 137 3365.35 421089 1001 11011 12012
m06hesW3f7BA 137 3905.2 488638 1001 12012 13013
m06hesW3f7BA 137 4008.6 501576 1001 13013 14014
m06hesW3f7BA 137 4474.36 559854 1001 14014 15015
m06hesW3f7BA 137 3120.26 390423 1001 15015 16016
m06hesW3f7BA 137 4002.59 500824 1001 16016 17017
m06hesW3f7BA 137 3528.58 441513 1001 17017 18018
m06hesW3f7BA 137 4435.64 555010 1001 18018 19019
m06hesW3f7BA 137 4609.35 576745 1001 19019 20020
m06hesW3f7BA 137 3855.54 482424 1001 20020 21021
m06hesW3f7BA 137 3423.52 428368 1001 21021 22022
m06hesW3f7BA 137 3922.68 490825 1001 22022 23023
m06hesW3f7BA 137 3935.08 492377 1001 23023 24024
m06hesW3f7BA 137 3917.45 490171 1001 24024 25025
m06hesW3f7BA 137 4122.53 515832 1001 25025 26026
m06hesW3f7BA 137 3482.4 435735 1001 26026 27027
m06hesW3f7BA 137 3774.9 472334 1001 27027 28028
m06hesW3f7BA 137 4512.83 564668 1001 28028 29029
m06hesW3f7BA 137 3955.16 494889 1001 29029 30030
m06hesW3f7BA 137 5906.57 739060 1001 30030 31031
m06hesW3f7BA 137 3963.01 495872 1001 31031 32032
m06hesW3f7BA 137 3296.78 412510 1001 32032 33033
m06hesW3f7BA 137 3834.62 479807 1001 33033 34034
m06hesW3f7BA 137 2828.98 353976 1001 34034 35035
m06hesW3f7BA 137 2762.69 345681 1001 35035 36036
m06hesW3f7BA 137 2406.12 301066 1001 36036 37037
m06hesW3f7BA 137 4484.48 561120 1001 37037 38038
m06hesW3f7BA 137 3612.66 452034 1001 38038 39039
m06hesW3f7BA 137 624.296 78115 1001 39039 40040
m06hesW3f7BA 137 603.94 75568 1001 40040 41041
m06hesW3f7BA 137 2017.92 252492 1001 41041 42042
m06hesW3f7BA 137 2539.08 317703 1001 42042 43043
m06hesW3f7BA 137 1626.67 203537 1001 43043 44044
m06hesW3f7BA 137 723.652 90547 1001 44044 45045
m06hesW3f7BA 137 694.042 86842 1001 45045 46046
m06hesW3f7BA 137 3560.49 445506 1001 46046 47047
m06hesW3f7BA 137 4590.13 574340 1001 47047 48048
m06hesW3f7BA 137 5499.57 688134 1001 48048 49049
m06hesW3f7BA 137 4038.27 505288 1001 49049 50050
m06hesW3f7BA 137 2178.52 272587 1001 50050 51051
m06hesW3f7BA 137 2522.64 315645 1001 51051 52052
m06hesW3f7BA 137 2822.9 353215 1001 52052 53053
m06hesW3f7BA 137 5938.1 743005 1001 53053 54054
m06hesW3f7BA 137 6438.16 805575 1001 54054 55055
m06hesW3f7BA 137 5104.54 638706 1001 55055 56056
m06hesW3f7BA 137 5355.47 670103 1001 56056 57057
m06hesW3f7BA 137 5649.86 706939 1001 57057 58058
m06hesW3f7BA 137 2761.47 345529 1001 58058 59059
m06hesW3f7BA 137 970.581 121444 1001 59059 60060
m06hesW3f7BA 137 1812.04 226732 1001 60060 61061
m06hesW3f7BA 137 2143.79 268242 1001 61061 62062
m06hesW3f7BA 137 2703.27 338247 1001 62062 63063
m06hesW3f7BA 137 2362.93 295661 1001 63063 64064
m06hesW3f7BA 137 2573.29 321983 1001 64064 65065
m06hesW3f7BA 137 2493.96 312057 1001 65065 66066
m06hesW3f7BA 137 2472.18 309331 1001 66066 67067
m06hesW3f7BA 137 2561.56 320515 1001 67067 68068
m06hesW3f7BA 137 2862.27 358141 1001 68068 69069
m06hesW3f7BA 137 2679.89 335321 1001 69069 70070
m06hesW3f7BA 137 2675.8 334810 1001 70070 71071
m06hesW3f7BA 137 3002.77 375721 1001 71071 72072
m06hesW3f7BA 137 2697.73 337554 1001 72072 73073
m06hesW3f7BA 137 4845.44 606286 1001 73073 74074
m06hesW3f7BA 137 553.231 69223 1001 74074 75075
