m0XdS3t2_EiU 137 1168.02 146003 1000 0 1000
m0XdS3t2_EiU 137 1764.75 220594 1000 1000 2000
m0XdS3t2_EiU 137 1766.54 220818 1000 2000 3000
m0XdS3t2_EiU 137 2894.03 361754 1000 3000 4000
m0XdS3t2_EiU 137 3985.02 498128 1000 4000 5000
m0XdS3t2_EiU 137 1574.66 196832 1000 5000 6000
m0XdS3t2_EiU 137 552.176 69022 1000 6000 7000
m0XdS3t2_EiU 137 4141.84 517730 1000 7000 8000
m0XdS3t2_EiU 137 3427.62 428452 1000 8000 9000
m0XdS3t2_EiU 137 2731.1 341388 1000 9000 10000
m0XdS3t2_EiU 137 2460.38 307547 1000 10000 11000
m0XdS3t2_EiU 137 2912.11 364014 1000 11000 12000
m0XdS3t2_EiU 137 1780.67 222584 1000 12000 13000
m0XdS3t2_EiU 137 2237.26 279657 1000 13000 14000
m0XdS3t2_EiU 137 1934.25 241781 1000 14000 15000
m0XdS3t2_EiU 137 2533.98 316748 1000 15000 16000
m0XdS3t2_EiU 137 3260.58 407573 1000 16000 17000
m0XdS3t2_EiU 137 2235.06 279383 1000 17000 18000
m0XdS3t2_EiU 137 2191.03 273879 1000 18000 19000
m0XdS3t2_EiU 137 2375.3 296912 1000 19000 20000
m0XdS3t2_EiU 137 2326.45 290806 1000 20000 21000
m0XdS3t2_EiU 137 3210.06 401258 1000 21000 22000
m0XdS3t2_EiU 137 2251.1 281388 1000 22000 23000
m0XdS3t2_EiU 137 2822.13 352766 1000 23000 24000
m0XdS3t2_EiU 137 2517.02 314627 1000 24000 25000
m0XdS3t2_EiU 137 2397.72 299715 1000 25000 26000
m0XdS3t2_EiU 137 1710.13 213766 1000 26000 27000
m0XdS3t2_EiU 137 2857.83 357229 1000 27000 28000
m0XdS3t2_EiU 137 2521.62 315203 1000 28000 29000
m0XdS3t2_EiU 137 2472.14 309017 1000 29000 30000
m0XdS3t2_EiU 137 2857.26 357158 1000 30000 31000
m0XdS3t2_EiU 137 3960.1 495012 1000 31000 32000
m0XdS3t2_EiU 137 4335.58 541947 1000 32000 33000
m0XdS3t2_EiU 137 3092.58 386573 1000 33000 34000
m0XdS3t2_EiU 137 3076.31 384539 1000 34000 35000
m0XdS3t2_EiU 137 2897.24 362155 1000 35000 36000
m0XdS3t2_EiU 137 3046.02 380752 1000 36000 37000
m0XdS3t2_EiU 137 4262.85 532856 1000 37000 38000
m0XdS3t2_EiU 137 3704.34 463043 1000 38000 39000
m0XdS3t2_EiU 137 2005.46 250683 1000 39000 40000
m0XdS3t2_EiU 137 2096.52 262065 1000 40000 41000
m0XdS3t2_EiU 137 2819.41 352426 1000 41000 42000
m0XdS3t2_EiU 137 1770.26 221283 1000 42000 43000
m0XdS3t2_EiU 137 3007.7 375962 1000 43000 44000
m0XdS3t2_EiU 137 3367.58 420948 1000 44000 45000
m0XdS3t2_EiU 137 3225.01 403126 1000 45000 46000
m0XdS3t2_EiU 137 2832.27 354034 1000 46000 47000
m0XdS3t2_EiU 137 2925.25 365656 1000 47000 48000
m0XdS3t2_EiU 137 3297.94 412243 1000 48000 49000
m0XdS3t2_EiU 137 3041.53 380191 1000 49000 50000
m0XdS3t2_EiU 137 3178.64 397330 1000 50000 51000
m0XdS3t2_EiU 137 2574.93 321866 1000 51000 52000
m0XdS3t2_EiU 137 2536.11 317014 1000 52000 53000
m0XdS3t2_EiU 137 1973.02 246628 1000 53000 54000
m0XdS3t2_EiU 137 2889.06 361133 1000 54000 55000
m0XdS3t2_EiU 137 1841.58 230197 1000 55000 56000
m0XdS3t2_EiU 137 3221.99 402749 1000 56000 57000
m0XdS3t2_EiU 137 2466.22 308277 1000 57000 58000
m0XdS3t2_EiU 137 2428.25 303531 1000 58000 59000
m0XdS3t2_EiU 137 3734.41 466801 1000 59000 60000
m0XdS3t2_EiU 137 2716.06 339508 1000 60000 61000
m0XdS3t2_EiU 137 2541.33 317666 1000 61000 62000
m0XdS3t2_EiU 137 3122.58 390322 1000 62000 63000
m0XdS3t2_EiU 137 3174.24 396780 1000 63000 64000
m0XdS3t2_EiU 137 3911.83 488979 1000 64000 65000
m0XdS3t2_EiU 137 3815.21 476901 1000 65000 66000
m0XdS3t2_EiU 137 2695.4 336925 1000 66000 67000
m0XdS3t2_EiU 137 3346.52 418315 1000 67000 68000
m0XdS3t2_EiU 137 3639.42 454928 1000 68000 69000
m0XdS3t2_EiU 137 3648.64 456080 1000 69000 70000
m0XdS3t2_EiU 137 5085.14 635643 1000 70000 71000
m0XdS3t2_EiU 137 3181.46 397682 1000 71000 72000
m0XdS3t2_EiU 137 2819.26 352407 1000 72000 73000
m0XdS3t2_EiU 137 2444.4 305550 1000 73000 74000
m0XdS3t2_EiU 137 2314.87 289359 1000 74000 75000
m0XdS3t2_EiU 137 2805.17 350646 1000 75000 76000
m0XdS3t2_EiU 137 2593.38 324172 1000 76000 77000
m0XdS3t2_EiU 137 2019.99 252499 1000 77000 78000
m0XdS3t2_EiU 137 2492.04 311505 1000 78000 79000
m0XdS3t2_EiU 137 2281.55 285194 1000 79000 80000
m0XdS3t2_EiU 137 2227.19 278399 1000 80000 81000
m0XdS3t2_EiU 137 2920.07 365009 1000 81000 82000
m0XdS3t2_EiU 137 2238.05 279756 1000 82000 83000
m0XdS3t2_EiU 137 2076.16 259520 1000 83000 84000
m0XdS3t2_EiU 137 2159.22 269903 1000 84000 85000
m0XdS3t2_EiU 137 2739.3 342412 1000 85000 86000
m0XdS3t2_EiU 137 3449.8 431225 1000 86000 87000
m0XdS3t2_EiU 137 2619.41 327426 1000 87000 88000
m0XdS3t2_EiU 137 2456.04 307005 1000 88000 89000
m0XdS3t2_EiU 137 2086.92 260865 1000 89000 90000
m0XdS3t2_EiU 137 2080.31 260039 1000 90000 91000
m0XdS3t2_EiU 137 2892.51 361564 1000 91000 92000
m0XdS3t2_EiU 137 2848.7 356088 1000 92000 93000
m0XdS3t2_EiU 137 2067.18 258398 1000 93000 94000
m0XdS3t2_EiU 137 2117.78 264723 1000 94000 95000
m0XdS3t2_EiU 137 2099.12 262390 1000 95000 96000
m0XdS3t2_EiU 137 2510.9 313862 1000 96000 97000
m0XdS3t2_EiU 137 3259.78 407473 1000 97000 98000
m0XdS3t2_EiU 137 2790.94 348867 1000 98000 99000
m0XdS3t2_EiU 137 2497.06 312133 1000 99000 100000
m0XdS3t2_EiU 137 3184.73 398091 1000 100000 101000
m0XdS3t2_EiU 137 2016.5 252063 1000 101000 102000
m0XdS3t2_EiU 137 3637.7 454713 1000 102000 103000
m0XdS3t2_EiU 137 2987.51 373439 1000 103000 104000
m0XdS3t2_EiU 137 2440.36 305045 1000 104000 105000
m0XdS3t2_EiU 137 2264.41 283051 1000 105000 106000
m0XdS3t2_EiU 137 2512 314000 1000 106000 107000
m0XdS3t2_EiU 137 2554.75 319344 1000 107000 108000
m0XdS3t2_EiU 137 3072.86 384108 1000 108000 109000
m0XdS3t2_EiU 137 2378.91 297364 1000 109000 110000
m0XdS3t2_EiU 137 2460.73 307591 1000 110000 111000
m0XdS3t2_EiU 137 2402.45 300306 1000 111000 112000
m0XdS3t2_EiU 137 3039.34 379918 1000 112000 113000
m0XdS3t2_EiU 137 3193.53 399191 1000 113000 114000
m0XdS3t2_EiU 137 2742.01 342751 1000 114000 115000
m0XdS3t2_EiU 137 2390.03 298754 1000 115000 116000
m0XdS3t2_EiU 137 2216 277000 1000 116000 117000
m0XdS3t2_EiU 137 2195.49 274436 1000 117000 118000
m0XdS3t2_EiU 137 2896.86 362108 1000 118000 119000
m0XdS3t2_EiU 137 2907.06 363383 1000 119000 120000
m0XdS3t2_EiU 137 2146.61 268326 1000 120000 121000
m0XdS3t2_EiU 137 2309.34 288668 1000 121000 122000
m0XdS3t2_EiU 137 2355.64 294455 1000 122000 123000
m0XdS3t2_EiU 137 3134.51 391814 1000 123000 124000
m0XdS3t2_EiU 137 4579.74 572467 1000 124000 125000
m0XdS3t2_EiU 137 2919.53 364941 1000 125000 126000
m0XdS3t2_EiU 137 2972.1 371512 1000 126000 127000
m0XdS3t2_EiU 137 2416.19 302024 1000 127000 128000
m0XdS3t2_EiU 137 3899.72 487465 1000 128000 129000
m0XdS3t2_EiU 137 3985.28 498160 1000 129000 130000
m0XdS3t2_EiU 137 3567.03 445879 1000 130000 131000
m0XdS3t2_EiU 137 3150.06 393758 1000 131000 132000
m0XdS3t2_EiU 137 2991.22 373902 1000 132000 133000
m0XdS3t2_EiU 137 3034.42 379303 1000 133000 134000
m0XdS3t2_EiU 137 3285.63 410704 1000 134000 135000
m0XdS3t2_EiU 137 3224.38 403048 1000 135000 136000
m0XdS3t2_EiU 137 2446.38 305798 1000 136000 137000
m0XdS3t2_EiU 137 2320.06 290008 1000 137000 138000
m0XdS3t2_EiU 137 2476.27 309534 1000 138000 139000
m0XdS3t2_EiU 137 2861.52 357690 1000 139000 140000
m0XdS3t2_EiU 137 3083.41 385426 1000 140000 141000
m0XdS3t2_EiU 137 2740.7 342587 1000 141000 142000
m0XdS3t2_EiU 137 2566.88 320860 1000 142000 143000
m0XdS3t2_EiU 137 2139.97 267496 1000 143000 144000
m0XdS3t2_EiU 137 2362.43 295304 1000 144000 145000
m0XdS3t2_EiU 137 3005.15 375644 1000 145000 146000
m0XdS3t2_EiU 137 2962.23 370279 1000 146000 147000
m0XdS3t2_EiU 137 2714.77 339346 1000 147000 148000
m0XdS3t2_EiU 137 2000.79 250099 1000 148000 149000
m0XdS3t2_EiU 137 1932.61 241576 1000 149000 150000
m0XdS3t2_EiU 137 2289.13 286141 1000 150000 151000
m0XdS3t2_EiU 137 3185.68 398210 1000 151000 152000
m0XdS3t2_EiU 137 1911.9 238987 1000 152000 153000
m0XdS3t2_EiU 137 1945.3 243163 1000 153000 154000
m0XdS3t2_EiU 137 2238.25 279781 1000 154000 155000
m0XdS3t2_EiU 137 2215.73 276966 1000 155000 156000
m0XdS3t2_EiU 137 3041.1 380138 1000 156000 157000
m0XdS3t2_EiU 137 2448.84 306105 1000 157000 158000
m0XdS3t2_EiU 137 1983.56 247945 1000 158000 159000
m0XdS3t2_EiU 137 2038.3 254787 1000 159000 160000
m0XdS3t2_EiU 137 2167.97 270996 1000 160000 161000
m0XdS3t2_EiU 137 2290.76 286345 1000 161000 162000
m0XdS3t2_EiU 137 2806.6 350825 1000 162000 163000
m0XdS3t2_EiU 137 2056.3 257037 1000 163000 164000
m0XdS3t2_EiU 137 2147.39 268424 1000 164000 165000
m0XdS3t2_EiU 137 1828.56 228570 1000 165000 166000
m0XdS3t2_EiU 137 3061.53 382691 1000 166000 167000
m0XdS3t2_EiU 137 3697.13 462141 1000 167000 168000
m0XdS3t2_EiU 137 2834.14 354268 1000 168000 169000
m0XdS3t2_EiU 137 2126.46 265807 1000 169000 170000
m0XdS3t2_EiU 137 2885.76 360720 1000 170000 171000
m0XdS3t2_EiU 137 2993.06 374133 1000 171000 172000
m0XdS3t2_EiU 137 3925.28 490660 1000 172000 173000
m0XdS3t2_EiU 137 3315.78 414473 1000 173000 174000
m0XdS3t2_EiU 137 2502.81 312851 1000 174000 175000
m0XdS3t2_EiU 137 2566.7 320837 1000 175000 176000
m0XdS3t2_EiU 137 2299.05 287381 1000 176000 177000
m0XdS3t2_EiU 137 2100.52 262565 1000 177000 178000
m0XdS3t2_EiU 137 3435.7 429463 1000 178000 179000
m0XdS3t2_EiU 137 2244.57 280571 1000 179000 180000
m0XdS3t2_EiU 137 1963.98 245497 1000 180000 181000
m0XdS3t2_EiU 137 1849.11 231139 1000 181000 182000
m0XdS3t2_EiU 137 2013.98 251747 1000 182000 183000
m0XdS3t2_EiU 137 3120.48 390060 1000 183000 184000
m0XdS3t2_EiU 137 2293.22 286652 1000 184000 185000
m0XdS3t2_EiU 137 2353.93 294241 1000 185000 186000
m0XdS3t2_EiU 137 2298.41 287301 1000 186000 187000
m0XdS3t2_EiU 137 2462.02 307752 1000 187000 188000
m0XdS3t2_EiU 137 2256.47 282059 1000 188000 189000
m0XdS3t2_EiU 137 2350.9 293862 1000 189000 190000
m0XdS3t2_EiU 137 2394.66 299333 1000 190000 191000
m0XdS3t2_EiU 137 2567.43 320929 1000 191000 192000
m0XdS3t2_EiU 137 2453.51 306689 1000 192000 193000
m0XdS3t2_EiU 137 2706.86 338357 1000 193000 194000
m0XdS3t2_EiU 137 3106.23 388279 1000 194000 195000
m0XdS3t2_EiU 137 2196.02 274503 1000 195000 196000
m0XdS3t2_EiU 137 2511.15 313894 1000 196000 197000
m0XdS3t2_EiU 137 2228.46 278557 1000 197000 198000
m0XdS3t2_EiU 137 2211.28 276410 1000 198000 199000
m0XdS3t2_EiU 137 3211.85 401481 1000 199000 200000
m0XdS3t2_EiU 137 2758.17 344771 1000 200000 201000
m0XdS3t2_EiU 137 2179.29 272411 1000 201000 202000
m0XdS3t2_EiU 137 1974.18 246773 1000 202000 203000
m0XdS3t2_EiU 137 2464.74 308092 1000 203000 204000
m0XdS3t2_EiU 137 2604.36 325545 1000 204000 205000
m0XdS3t2_EiU 137 4033.3 504163 1000 205000 206000
m0XdS3t2_EiU 137 3166.3 395787 1000 206000 207000
m0XdS3t2_EiU 137 3449.8 431225 1000 207000 208000
m0XdS3t2_EiU 137 2991.34 373918 1000 208000 209000
m0XdS3t2_EiU 137 5979.18 747397 1000 209000 210000
m0XdS3t2_EiU 137 5458.35 682294 1000 210000 211000
m0XdS3t2_EiU 137 4547.19 568399 1000 211000 212000
m0XdS3t2_EiU 137 4094.54 511818 1000 212000 213000
m0XdS3t2_EiU 137 3946.98 493372 1000 213000 214000
m0XdS3t2_EiU 137 3272.03 409004 1000 214000 215000
m0XdS3t2_EiU 137 2301.1 287638 1000 215000 216000
m0XdS3t2_EiU 137 3219.18 402397 1000 216000 217000
m0XdS3t2_EiU 137 2076.69 259586 1000 217000 218000
m0XdS3t2_EiU 137 2544.84 318105 1000 218000 219000
m0XdS3t2_EiU 137 2281.39 285174 1000 219000 220000
m0XdS3t2_EiU 137 2279 284875 1000 220000 221000
m0XdS3t2_EiU 137 2957.87 369734 1000 221000 222000
m0XdS3t2_EiU 137 2107.59 263449 1000 222000 223000
m0XdS3t2_EiU 137 1889.48 236185 1000 223000 224000
m0XdS3t2_EiU 137 2162.49 270311 1000 224000 225000
m0XdS3t2_EiU 137 2256.33 282041 1000 225000 226000
m0XdS3t2_EiU 137 2991.08 373885 1000 226000 227000
m0XdS3t2_EiU 137 2759.62 344953 1000 227000 228000
m0XdS3t2_EiU 137 2285.38 285672 1000 228000 229000
m0XdS3t2_EiU 137 2299.07 287384 1000 229000 230000
m0XdS3t2_EiU 137 1999 249875 1000 230000 231000
m0XdS3t2_EiU 137 2536.13 317016 1000 231000 232000
m0XdS3t2_EiU 137 3010.43 376304 1000 232000 233000
m0XdS3t2_EiU 137 2470.06 308758 1000 233000 234000
m0XdS3t2_EiU 137 2354.47 294309 1000 234000 235000
m0XdS3t2_EiU 137 1857.47 232184 1000 235000 236000
m0XdS3t2_EiU 137 4920.22 615027 1000 236000 237000
m0XdS3t2_EiU 137 4704.08 588010 1000 237000 238000
m0XdS3t2_EiU 137 3780.81 472601 1000 238000 239000
m0XdS3t2_EiU 137 2803.6 350450 1000 239000 240000
m0XdS3t2_EiU 137 2326.59 290824 1000 240000 241000
m0XdS3t2_EiU 137 2439.34 304917 1000 241000 242000
m0XdS3t2_EiU 137 1832.22 229028 1000 242000 243000
m0XdS3t2_EiU 137 2799.74 349967 1000 243000 244000
m0XdS3t2_EiU 137 2129.12 266140 1000 244000 245000
m0XdS3t2_EiU 137 2079.3 259912 1000 245000 246000
m0XdS3t2_EiU 137 2423.78 302973 1000 246000 247000
m0XdS3t2_EiU 137 2956.37 369546 1000 247000 248000
m0XdS3t2_EiU 137 2992.08 374010 1000 248000 249000
m0XdS3t2_EiU 137 2623.63 327954 1000 249000 250000
m0XdS3t2_EiU 137 2176.75 272094 1000 250000 251000
m0XdS3t2_EiU 137 2089.7 261213 1000 251000 252000
m0XdS3t2_EiU 137 2335.97 291996 1000 252000 253000
m0XdS3t2_EiU 137 3793.85 474231 1000 253000 254000
m0XdS3t2_EiU 137 2661.09 332636 1000 254000 255000
m0XdS3t2_EiU 137 2593.36 324170 1000 255000 256000
m0XdS3t2_EiU 137 2157.7 269713 1000 256000 257000
m0XdS3t2_EiU 137 2328.83 291104 1000 257000 258000
m0XdS3t2_EiU 137 3002.84 375355 1000 258000 259000
m0XdS3t2_EiU 137 3597.33 449666 1000 259000 260000
m0XdS3t2_EiU 137 2279.76 284970 1000 260000 261000
m0XdS3t2_EiU 137 2446 305750 1000 261000 262000
m0XdS3t2_EiU 137 2532.46 316558 1000 262000 263000
m0XdS3t2_EiU 137 2571.49 321436 1000 263000 264000
m0XdS3t2_EiU 137 3748.8 468600 1000 264000 265000
m0XdS3t2_EiU 137 3056.98 382123 1000 265000 266000
m0XdS3t2_EiU 137 2661.92 332740 1000 266000 267000
m0XdS3t2_EiU 137 2323.7 290463 1000 267000 268000
m0XdS3t2_EiU 137 2355.28 294410 1000 268000 269000
m0XdS3t2_EiU 137 5347.01 668376 1000 269000 270000
m0XdS3t2_EiU 137 4869.68 608710 1000 270000 271000
m0XdS3t2_EiU 137 3672.63 459079 1000 271000 272000
m0XdS3t2_EiU 137 5553.46 694183 1000 272000 273000
m0XdS3t2_EiU 137 2798.31 349789 1000 273000 274000
m0XdS3t2_EiU 137 3492.5 436563 1000 274000 275000
m0XdS3t2_EiU 137 5569.42 696178 1000 275000 276000
m0XdS3t2_EiU 137 2814.7 351838 1000 276000 277000
m0XdS3t2_EiU 137 2114.24 264280 1000 277000 278000
m0XdS3t2_EiU 137 2057.86 257233 1000 278000 279000
m0XdS3t2_EiU 137 2033.98 254248 1000 279000 280000
m0XdS3t2_EiU 137 3033.49 379186 1000 280000 281000
m0XdS3t2_EiU 137 2667.9 333488 1000 281000 282000
m0XdS3t2_EiU 137 2401.73 300216 1000 282000 283000
m0XdS3t2_EiU 137 2576.89 322111 1000 283000 284000
m0XdS3t2_EiU 137 2384.37 298046 1000 284000 285000
m0XdS3t2_EiU 137 2757.94 344743 1000 285000 286000
m0XdS3t2_EiU 137 3442.79 430349 1000 286000 287000
m0XdS3t2_EiU 137 2249.23 281154 1000 287000 288000
m0XdS3t2_EiU 137 2373.03 296629 1000 288000 289000
m0XdS3t2_EiU 137 2108.96 263620 1000 289000 290000
m0XdS3t2_EiU 137 2405.26 300657 1000 290000 291000
m0XdS3t2_EiU 137 3404.14 425518 1000 291000 292000
m0XdS3t2_EiU 137 2285.04 285630 1000 292000 293000
m0XdS3t2_EiU 137 2313.01 289126 1000 293000 294000
m0XdS3t2_EiU 137 1912.58 239073 1000 294000 295000
m0XdS3t2_EiU 137 2128.09 266011 1000 295000 296000
m0XdS3t2_EiU 137 2559.47 319934 1000 296000 297000
m0XdS3t2_EiU 137 3069.16 383645 1000 297000 298000
m0XdS3t2_EiU 137 2135.28 266910 1000 298000 299000
m0XdS3t2_EiU 137 2590.57 323821 1000 299000 300000
m0XdS3t2_EiU 137 2100.31 262539 1000 300000 301000
m0XdS3t2_EiU 137 3103.92 387990 1000 301000 302000
m0XdS3t2_EiU 137 2854.93 356866 1000 302000 303000
m0XdS3t2_EiU 137 2412.97 301621 1000 303000 304000
m0XdS3t2_EiU 137 2110.46 263808 1000 304000 305000
m0XdS3t2_EiU 137 4398.72 549840 1000 305000 306000
m0XdS3t2_EiU 137 2790.83 348854 1000 306000 307000
m0XdS3t2_EiU 137 5317.85 664731 1000 307000 308000
m0XdS3t2_EiU 137 4410.61 551326 1000 308000 309000
m0XdS3t2_EiU 137 4364.28 545535 1000 309000 310000
m0XdS3t2_EiU 137 2226.69 278336 1000 310000 311000
m0XdS3t2_EiU 137 2630.74 328842 1000 311000 312000
m0XdS3t2_EiU 137 2104.09 263011 1000 312000 313000
m0XdS3t2_EiU 137 3543.09 442886 1000 313000 314000
m0XdS3t2_EiU 137 2519.36 314920 1000 314000 315000
m0XdS3t2_EiU 137 2026.68 253335 1000 315000 316000
m0XdS3t2_EiU 137 2030.13 253766 1000 316000 317000
m0XdS3t2_EiU 137 2279.53 284941 1000 317000 318000
m0XdS3t2_EiU 137 3254.98 406872 1000 318000 319000
m0XdS3t2_EiU 137 2643.74 330468 1000 319000 320000
m0XdS3t2_EiU 137 2380.18 297523 1000 320000 321000
m0XdS3t2_EiU 137 2247.47 280934 1000 321000 322000
m0XdS3t2_EiU 137 2527.76 315970 1000 322000 323000
m0XdS3t2_EiU 137 2566.26 320783 1000 323000 324000
m0XdS3t2_EiU 137 4413.23 551654 1000 324000 325000
m0XdS3t2_EiU 137 2892.31 361539 1000 325000 326000
m0XdS3t2_EiU 137 2876.62 359577 1000 326000 327000
m0XdS3t2_EiU 137 3257.7 407213 1000 327000 328000
m0XdS3t2_EiU 137 3437.78 429723 1000 328000 329000
m0XdS3t2_EiU 137 4654.33 581791 1000 329000 330000
m0XdS3t2_EiU 137 3441.43 430179 1000 330000 331000
m0XdS3t2_EiU 137 3286.3 410788 1000 331000 332000
m0XdS3t2_EiU 137 4114.71 514339 1000 332000 333000
m0XdS3t2_EiU 137 3595.79 449474 1000 333000 334000
m0XdS3t2_EiU 137 4641.68 580210 1000 334000 335000
m0XdS3t2_EiU 137 4072.21 509026 1000 335000 336000
m0XdS3t2_EiU 137 2967.78 370973 1000 336000 337000
m0XdS3t2_EiU 137 2689.24 336155 1000 337000 338000
m0XdS3t2_EiU 137 2816.7 352087 1000 338000 339000
m0XdS3t2_EiU 137 2925.3 365663 1000 339000 340000
m0XdS3t2_EiU 137 4148.36 518545 1000 340000 341000
m0XdS3t2_EiU 137 4093.97 511746 1000 341000 342000
m0XdS3t2_EiU 137 4093.1 511637 1000 342000 343000
m0XdS3t2_EiU 137 3281.94 410242 1000 343000 344000
m0XdS3t2_EiU 137 3406.3 425787 1000 344000 345000
m0XdS3t2_EiU 137 4655.86 581983 1000 345000 346000
m0XdS3t2_EiU 137 3908.84 488605 1000 346000 347000
m0XdS3t2_EiU 137 4471.58 558947 1000 347000 348000
m0XdS3t2_EiU 137 3579.42 447427 1000 348000 349000
m0XdS3t2_EiU 137 3655.72 456965 1000 349000 350000
m0XdS3t2_EiU 137 3663.65 457956 1000 350000 351000
m0XdS3t2_EiU 137 4331.59 541449 1000 351000 352000
m0XdS3t2_EiU 137 2836.76 354595 1000 352000 353000
m0XdS3t2_EiU 137 3089.94 386243 1000 353000 354000
m0XdS3t2_EiU 137 3234.66 404332 1000 354000 355000
m0XdS3t2_EiU 137 3301.43 412679 1000 355000 356000
m0XdS3t2_EiU 137 4288.48 536060 1000 356000 357000
m0XdS3t2_EiU 137 3870.93 483866 1000 357000 358000
m0XdS3t2_EiU 137 4011.94 501493 1000 358000 359000
m0XdS3t2_EiU 137 4347.41 543426 1000 359000 360000
m0XdS3t2_EiU 137 3708.61 463576 1000 360000 361000
m0XdS3t2_EiU 137 3633.53 454191 1000 361000 362000
m0XdS3t2_EiU 137 4283.15 535394 1000 362000 363000
m0XdS3t2_EiU 137 3604.45 450556 1000 363000 364000
m0XdS3t2_EiU 137 3989.95 498744 1000 364000 365000
m0XdS3t2_EiU 137 3917.41 489676 1000 365000 366000
m0XdS3t2_EiU 137 3460.26 432533 1000 366000 367000
m0XdS3t2_EiU 137 4361.7 545212 1000 367000 368000
m0XdS3t2_EiU 137 3260.28 407535 1000 368000 369000
m0XdS3t2_EiU 137 3335.17 416896 1000 369000 370000
m0XdS3t2_EiU 137 2990.62 373828 1000 370000 371000
m0XdS3t2_EiU 137 3201.32 400165 1000 371000 372000
m0XdS3t2_EiU 137 4608.74 576092 1000 372000 373000
m0XdS3t2_EiU 137 4150.14 518768 1000 373000 374000
m0XdS3t2_EiU 137 3739.06 467383 1000 374000 375000
m0XdS3t2_EiU 137 3300.78 412598 1000 375000 376000
m0XdS3t2_EiU 137 3490.41 436301 1000 376000 377000
m0XdS3t2_EiU 137 3484.26 435533 1000 377000 378000
m0XdS3t2_EiU 137 3739.47 467434 1000 378000 379000
m0XdS3t2_EiU 137 2758.83 344854 1000 379000 380000
m0XdS3t2_EiU 137 2905.74 363217 1000 380000 381000
m0XdS3t2_EiU 137 3142.82 392852 1000 381000 382000
m0XdS3t2_EiU 137 3415.26 426908 1000 382000 383000
m0XdS3t2_EiU 137 3908.29 488536 1000 383000 384000
m0XdS3t2_EiU 137 3039.09 379886 1000 384000 385000
m0XdS3t2_EiU 137 2913.9 364238 1000 385000 386000
m0XdS3t2_EiU 137 3015.3 376912 1000 386000 387000
m0XdS3t2_EiU 137 3016.44 377055 1000 387000 388000
m0XdS3t2_EiU 137 3669.54 458693 1000 388000 389000
m0XdS3t2_EiU 137 3535.34 441918 1000 389000 390000
m0XdS3t2_EiU 137 3483.4 435425 1000 390000 391000
m0XdS3t2_EiU 137 2778.66 347332 1000 391000 392000
m0XdS3t2_EiU 137 2753.33 344166 1000 392000 393000
m0XdS3t2_EiU 137 3570.82 446353 1000 393000 394000
m0XdS3t2_EiU 137 4233.88 529235 1000 394000 395000
m0XdS3t2_EiU 137 3294.94 411867 1000 395000 396000
m0XdS3t2_EiU 137 4142.95 517869 1000 396000 397000
m0XdS3t2_EiU 137 3146.58 393322 1000 397000 398000
m0XdS3t2_EiU 137 3407.58 425947 1000 398000 399000
m0XdS3t2_EiU 137 3652.92 456615 1000 399000 400000
m0XdS3t2_EiU 137 2910.24 363780 1000 400000 401000
m0XdS3t2_EiU 137 2712.61 339076 1000 401000 402000
m0XdS3t2_EiU 137 2731.83 341479 1000 402000 403000
m0XdS3t2_EiU 137 2565.02 320628 1000 403000 404000
m0XdS3t2_EiU 137 3053.4 381675 1000 404000 405000
m0XdS3t2_EiU 137 3099.49 387436 1000 405000 406000
m0XdS3t2_EiU 137 2272.02 284002 1000 406000 407000
m0XdS3t2_EiU 137 2359 294875 1000 407000 408000
m0XdS3t2_EiU 137 2262.3 282787 1000 408000 409000
m0XdS3t2_EiU 137 2259.93 282491 1000 409000 410000
m0XdS3t2_EiU 137 3083.77 385471 1000 410000 411000
m0XdS3t2_EiU 137 2615.58 326947 1000 411000 412000
m0XdS3t2_EiU 137 2050.72 256340 1000 412000 413000
m0XdS3t2_EiU 137 2670.85 333856 1000 413000 414000
m0XdS3t2_EiU 137 2693.87 336734 1000 414000 415000
m0XdS3t2_EiU 137 3238.84 404855 1000 415000 416000
m0XdS3t2_EiU 137 2927.25 365906 1000 416000 417000
m0XdS3t2_EiU 137 1978.93 247366 1000 417000 418000
m0XdS3t2_EiU 137 1985.32 248165 1000 418000 419000
m0XdS3t2_EiU 137 2150 268750 1000 419000 420000
m0XdS3t2_EiU 137 2212.22 276527 1000 420000 421000
m0XdS3t2_EiU 137 2797.02 349628 1000 421000 422000
m0XdS3t2_EiU 137 1747.87 218484 1000 422000 423000
m0XdS3t2_EiU 137 2929.09 366136 1000 423000 424000
m0XdS3t2_EiU 137 3103.8 387975 1000 424000 425000
m0XdS3t2_EiU 137 2706.54 338317 1000 425000 426000
m0XdS3t2_EiU 137 2641.53 330191 1000 426000 427000
m0XdS3t2_EiU 137 2360.74 295093 1000 427000 428000
m0XdS3t2_EiU 137 2232.46 279057 1000 428000 429000
m0XdS3t2_EiU 137 2187.05 273381 1000 429000 430000
m0XdS3t2_EiU 137 2239.11 279889 1000 430000 431000
m0XdS3t2_EiU 137 2276.47 284559 1000 431000 432000
m0XdS3t2_EiU 137 2791.01 348876 1000 432000 433000
m0XdS3t2_EiU 137 2113.82 264227 1000 433000 434000
m0XdS3t2_EiU 137 2032.85 254106 1000 434000 435000
m0XdS3t2_EiU 137 1989.92 248740 1000 435000 436000
m0XdS3t2_EiU 137 2206.13 275766 1000 436000 437000
m0XdS3t2_EiU 137 2655.46 331933 1000 437000 438000
m0XdS3t2_EiU 137 2388.26 298532 1000 438000 439000
m0XdS3t2_EiU 137 2089.54 261193 1000 439000 440000
m0XdS3t2_EiU 137 2462.21 307776 1000 440000 441000
m0XdS3t2_EiU 137 2143.14 267892 1000 441000 442000
m0XdS3t2_EiU 137 2822.26 352783 1000 442000 443000
m0XdS3t2_EiU 137 2680.86 335107 1000 443000 444000
m0XdS3t2_EiU 137 2181.61 272701 1000 444000 445000
m0XdS3t2_EiU 137 2024.1 253013 1000 445000 446000
m0XdS3t2_EiU 137 2262.41 282801 1000 446000 447000
m0XdS3t2_EiU 137 2391.93 298991 1000 447000 448000
m0XdS3t2_EiU 137 3048.67 381084 1000 448000 449000
m0XdS3t2_EiU 137 2429.14 303643 1000 449000 450000
m0XdS3t2_EiU 137 1949.4 243675 1000 450000 451000
m0XdS3t2_EiU 137 1994.9 249363 1000 451000 452000
m0XdS3t2_EiU 137 1919.33 239916 1000 452000 453000
m0XdS3t2_EiU 137 3283.74 410468 1000 453000 454000
m0XdS3t2_EiU 137 2446.49 305811 1000 454000 455000
m0XdS3t2_EiU 137 2245.86 280732 1000 455000 456000
m0XdS3t2_EiU 137 2536.51 317064 1000 456000 457000
m0XdS3t2_EiU 137 2145.71 268214 1000 457000 458000
m0XdS3t2_EiU 137 2231.5 278938 1000 458000 459000
m0XdS3t2_EiU 137 3100.34 387542 1000 459000 460000
m0XdS3t2_EiU 137 1966.44 245805 1000 460000 461000
m0XdS3t2_EiU 137 1968.08 246010 1000 461000 462000
m0XdS3t2_EiU 137 2327.85 290981 1000 462000 463000
m0XdS3t2_EiU 137 1862.67 232834 1000 463000 464000
m0XdS3t2_EiU 137 2696.26 337032 1000 464000 465000
m0XdS3t2_EiU 137 1984.7 248087 1000 465000 466000
m0XdS3t2_EiU 137 1809.47 226184 1000 466000 467000
m0XdS3t2_EiU 137 3436.26 429533 1000 467000 468000
m0XdS3t2_EiU 137 3267.7 408463 1000 468000 469000
m0XdS3t2_EiU 137 4263.66 532958 1000 469000 470000
m0XdS3t2_EiU 137 3889.46 486183 1000 470000 471000
m0XdS3t2_EiU 137 3379.98 422498 1000 471000 472000
m0XdS3t2_EiU 137 3437.22 429653 1000 472000 473000
m0XdS3t2_EiU 137 3133.42 391677 1000 473000 474000
m0XdS3t2_EiU 137 3791.38 473922 1000 474000 475000
m0XdS3t2_EiU 137 4557.62 569703 1000 475000 476000
m0XdS3t2_EiU 137 2956.1 369512 1000 476000 477000
m0XdS3t2_EiU 137 2717.15 339644 1000 477000 478000
m0XdS3t2_EiU 137 2415.51 301939 1000 478000 479000
m0XdS3t2_EiU 137 2555.87 319484 1000 479000 480000
m0XdS3t2_EiU 137 2591.78 323972 1000 480000 481000
m0XdS3t2_EiU 137 2319.02 289878 1000 481000 482000
m0XdS3t2_EiU 137 2059.94 257492 1000 482000 483000
m0XdS3t2_EiU 137 2146.1 268262 1000 483000 484000
m0XdS3t2_EiU 137 2039.84 254980 1000 484000 485000
m0XdS3t2_EiU 137 2119.89 264986 1000 485000 486000
m0XdS3t2_EiU 137 2946.49 368311 1000 486000 487000
m0XdS3t2_EiU 137 2022.75 252844 1000 487000 488000
m0XdS3t2_EiU 137 1964.92 245615 1000 488000 489000
m0XdS3t2_EiU 137 1913.38 239173 1000 489000 490000
m0XdS3t2_EiU 137 2578.3 322288 1000 490000 491000
m0XdS3t2_EiU 137 2863.15 357894 1000 491000 492000
m0XdS3t2_EiU 137 2550.94 318867 1000 492000 493000
m0XdS3t2_EiU 137 2146.26 268283 1000 493000 494000
m0XdS3t2_EiU 137 1991.23 248904 1000 494000 495000
m0XdS3t2_EiU 137 2069.99 258749 1000 495000 496000
m0XdS3t2_EiU 137 3176.06 397008 1000 496000 497000
m0XdS3t2_EiU 137 2848.37 356046 1000 497000 498000
m0XdS3t2_EiU 137 2343.82 292977 1000 498000 499000
m0XdS3t2_EiU 137 2601.14 325142 1000 499000 500000
m0XdS3t2_EiU 137 2621.44 327680 1000 500000 501000
m0XdS3t2_EiU 137 2705.86 338233 1000 501000 502000
m0XdS3t2_EiU 137 3136.72 392090 1000 502000 503000
m0XdS3t2_EiU 137 2248.04 281005 1000 503000 504000
m0XdS3t2_EiU 137 2084.23 260529 1000 504000 505000
m0XdS3t2_EiU 137 2162.38 270297 1000 505000 506000
m0XdS3t2_EiU 137 2148.58 268573 1000 506000 507000
m0XdS3t2_EiU 137 3236.84 404605 1000 507000 508000
m0XdS3t2_EiU 137 2678.91 334864 1000 508000 509000
m0XdS3t2_EiU 137 2251.9 281487 1000 509000 510000
m0XdS3t2_EiU 137 1978.53 247316 1000 510000 511000
m0XdS3t2_EiU 137 2286.84 285855 1000 511000 512000
m0XdS3t2_EiU 137 2326.34 290793 1000 512000 513000
m0XdS3t2_EiU 137 3391.26 423908 1000 513000 514000
m0XdS3t2_EiU 137 2339.73 292466 1000 514000 515000
m0XdS3t2_EiU 137 2243.32 280415 1000 515000 516000
m0XdS3t2_EiU 137 2012.62 251577 1000 516000 517000
m0XdS3t2_EiU 137 2770.23 346279 1000 517000 518000
m0XdS3t2_EiU 137 3068.76 383595 1000 518000 519000
m0XdS3t2_EiU 137 2655.13 331891 1000 519000 520000
m0XdS3t2_EiU 137 2122.06 265258 1000 520000 521000
m0XdS3t2_EiU 137 2005.36 250670 1000 521000 522000
m0XdS3t2_EiU 137 2161.62 270202 1000 522000 523000
m0XdS3t2_EiU 137 3293.04 411630 1000 523000 524000
m0XdS3t2_EiU 137 2615.58 326948 1000 524000 525000
m0XdS3t2_EiU 137 2275.33 284416 1000 525000 526000
m0XdS3t2_EiU 137 2163.85 270481 1000 526000 527000
m0XdS3t2_EiU 137 1963.27 245409 1000 527000 528000
m0XdS3t2_EiU 137 2500.47 312559 1000 528000 529000
m0XdS3t2_EiU 137 3058.02 382252 1000 529000 530000
m0XdS3t2_EiU 137 2081.2 260150 1000 530000 531000
m0XdS3t2_EiU 137 2117 264625 1000 531000 532000
m0XdS3t2_EiU 137 2153.97 269246 1000 532000 533000
m0XdS3t2_EiU 137 2286.22 285777 1000 533000 534000
m0XdS3t2_EiU 137 3083.87 385484 1000 534000 535000
m0XdS3t2_EiU 137 2659.84 332480 1000 535000 536000
m0XdS3t2_EiU 137 1992.85 249106 1000 536000 537000
m0XdS3t2_EiU 137 2021.1 252637 1000 537000 538000
m0XdS3t2_EiU 137 2044.34 255542 1000 538000 539000
m0XdS3t2_EiU 137 2296.68 287085 1000 539000 540000
m0XdS3t2_EiU 137 2920.69 365086 1000 540000 541000
m0XdS3t2_EiU 137 1981.32 247665 1000 541000 542000
m0XdS3t2_EiU 137 2247.99 280999 1000 542000 543000
m0XdS3t2_EiU 137 2000.18 250023 1000 543000 544000
m0XdS3t2_EiU 137 2040.8 255100 1000 544000 545000
m0XdS3t2_EiU 137 2758.47 344809 1000 545000 546000
m0XdS3t2_EiU 137 2394.37 299296 1000 546000 547000
m0XdS3t2_EiU 137 2194.9 274363 1000 547000 548000
m0XdS3t2_EiU 137 1932.44 241555 1000 548000 549000
m0XdS3t2_EiU 137 1900.65 237581 1000 549000 550000
m0XdS3t2_EiU 137 2936.38 367048 1000 550000 551000
m0XdS3t2_EiU 137 2765.24 345655 1000 551000 552000
m0XdS3t2_EiU 137 2112.68 264085 1000 552000 553000
m0XdS3t2_EiU 137 1968.67 246084 1000 553000 554000
m0XdS3t2_EiU 137 2142.3 267787 1000 554000 555000
m0XdS3t2_EiU 137 2432.77 304096 1000 555000 556000
m0XdS3t2_EiU 137 3071.31 383914 1000 556000 557000
m0XdS3t2_EiU 137 3251.71 406464 1000 557000 558000
m0XdS3t2_EiU 137 2571.59 321449 1000 558000 559000
m0XdS3t2_EiU 137 3157.14 394643 1000 559000 560000
m0XdS3t2_EiU 137 3597.68 449710 1000 560000 561000
m0XdS3t2_EiU 137 3475.98 434497 1000 561000 562000
m0XdS3t2_EiU 137 4077.05 509631 1000 562000 563000
m0XdS3t2_EiU 137 2462.86 307857 1000 563000 564000
m0XdS3t2_EiU 137 2549.11 318639 1000 564000 565000
m0XdS3t2_EiU 137 2241.2 280150 1000 565000 566000
m0XdS3t2_EiU 137 1924.5 240563 1000 566000 567000
m0XdS3t2_EiU 137 2984.89 373111 1000 567000 568000
m0XdS3t2_EiU 137 1864.46 233058 1000 568000 569000
m0XdS3t2_EiU 137 1836.7 229587 1000 569000 570000
m0XdS3t2_EiU 137 2352.82 294102 1000 570000 571000
m0XdS3t2_EiU 137 2292.86 286608 1000 571000 572000
m0XdS3t2_EiU 137 3036.16 379520 1000 572000 573000
m0XdS3t2_EiU 137 2395.94 299493 1000 573000 574000
m0XdS3t2_EiU 137 2126.42 265802 1000 574000 575000
m0XdS3t2_EiU 137 2006.42 250802 1000 575000 576000
m0XdS3t2_EiU 137 2218.24 277280 1000 576000 577000
m0XdS3t2_EiU 137 2834.01 354251 1000 577000 578000
m0XdS3t2_EiU 137 2753.21 344151 1000 578000 579000
m0XdS3t2_EiU 137 2111.31 263914 1000 579000 580000
m0XdS3t2_EiU 137 2108.71 263589 1000 580000 581000
m0XdS3t2_EiU 137 1958.37 244796 1000 581000 582000
m0XdS3t2_EiU 137 2074.41 259301 1000 582000 583000
m0XdS3t2_EiU 137 3243.3 405412 1000 583000 584000
m0XdS3t2_EiU 137 2334.46 291807 1000 584000 585000
m0XdS3t2_EiU 137 2276.76 284595 1000 585000 586000
m0XdS3t2_EiU 137 1873.42 234177 1000 586000 587000
m0XdS3t2_EiU 137 2116.43 264554 1000 587000 588000
m0XdS3t2_EiU 137 4057.77 507221 1000 588000 589000
m0XdS3t2_EiU 137 3552.01 444001 1000 589000 590000
m0XdS3t2_EiU 137 3678.7 459837 1000 590000 591000
m0XdS3t2_EiU 137 4091.14 511393 1000 591000 592000
m0XdS3t2_EiU 137 3835.11 479389 1000 592000 593000
m0XdS3t2_EiU 137 3952.22 494028 1000 593000 594000
m0XdS3t2_EiU 137 4357.78 544722 1000 594000 595000
m0XdS3t2_EiU 137 3281.68 410210 1000 595000 596000
m0XdS3t2_EiU 137 2557.58 319697 1000 596000 597000
m0XdS3t2_EiU 137 2522.68 315335 1000 597000 598000
m0XdS3t2_EiU 137 2481.55 310194 1000 598000 599000
m0XdS3t2_EiU 137 4438.11 554764 1000 599000 600000
m0XdS3t2_EiU 137 5839.67 729959 1000 600000 601000
m0XdS3t2_EiU 137 4718.02 589752 1000 601000 602000
m0XdS3t2_EiU 137 3588.62 448577 1000 602000 603000
m0XdS3t2_EiU 137 2812.88 351610 1000 603000 604000
m0XdS3t2_EiU 137 3171.14 396393 1000 604000 605000
m0XdS3t2_EiU 137 2979.9 372488 1000 605000 606000
m0XdS3t2_EiU 137 2026.24 253280 1000 606000 607000
m0XdS3t2_EiU 137 2284.67 285584 1000 607000 608000
m0XdS3t2_EiU 137 2706.86 338358 1000 608000 609000
m0XdS3t2_EiU 137 2712.46 339058 1000 609000 610000
m0XdS3t2_EiU 137 4418.5 552313 1000 610000 611000
m0XdS3t2_EiU 137 3162.11 395264 1000 611000 612000
m0XdS3t2_EiU 137 2773.1 346637 1000 612000 613000
m0XdS3t2_EiU 137 2628.61 328576 1000 613000 614000
m0XdS3t2_EiU 137 2976.4 372050 1000 614000 615000
m0XdS3t2_EiU 137 4346.31 543289 1000 615000 616000
m0XdS3t2_EiU 137 2604.76 325595 1000 616000 617000
m0XdS3t2_EiU 137 2327.62 290952 1000 617000 618000
m0XdS3t2_EiU 137 2087.57 260946 1000 618000 619000
m0XdS3t2_EiU 137 2295.19 286899 1000 619000 620000
m0XdS3t2_EiU 137 2173.26 271657 1000 620000 621000
m0XdS3t2_EiU 137 2761 345125 1000 621000 622000
m0XdS3t2_EiU 137 2354.24 294280 1000 622000 623000
m0XdS3t2_EiU 137 2186.03 273254 1000 623000 624000
m0XdS3t2_EiU 137 2076.82 259602 1000 624000 625000
m0XdS3t2_EiU 137 2771.42 346428 1000 625000 626000
m0XdS3t2_EiU 137 3199.27 399909 1000 626000 627000
m0XdS3t2_EiU 137 2375.61 296951 1000 627000 628000
m0XdS3t2_EiU 137 1940.92 242615 1000 628000 629000
m0XdS3t2_EiU 137 1926.15 240769 1000 629000 630000
m0XdS3t2_EiU 137 2037.68 254710 1000 630000 631000
m0XdS3t2_EiU 137 2685.19 335649 1000 631000 632000
m0XdS3t2_EiU 137 2673.63 334204 1000 632000 633000
m0XdS3t2_EiU 137 2023.38 252922 1000 633000 634000
m0XdS3t2_EiU 137 1847.71 230964 1000 634000 635000
m0XdS3t2_EiU 137 1835.44 229430 1000 635000 636000
m0XdS3t2_EiU 137 2421.74 302717 1000 636000 637000
m0XdS3t2_EiU 137 3510.95 438869 1000 637000 638000
m0XdS3t2_EiU 137 1866.45 233306 1000 638000 639000
m0XdS3t2_EiU 137 2153.14 269143 1000 639000 640000
m0XdS3t2_EiU 137 2020.78 252598 1000 640000 641000
m0XdS3t2_EiU 137 1915.38 239422 1000 641000 642000
m0XdS3t2_EiU 137 2776.94 347118 1000 642000 643000
m0XdS3t2_EiU 137 2399.21 299901 1000 643000 644000
m0XdS3t2_EiU 137 2070.77 258846 1000 644000 645000
m0XdS3t2_EiU 137 2205.7 275713 1000 645000 646000
m0XdS3t2_EiU 137 2308.35 288544 1000 646000 647000
m0XdS3t2_EiU 137 2070.29 258786 1000 647000 648000
m0XdS3t2_EiU 137 3237.82 404728 1000 648000 649000
m0XdS3t2_EiU 137 2220.08 277510 1000 649000 650000
m0XdS3t2_EiU 137 2265.77 283221 1000 650000 651000
m0XdS3t2_EiU 137 2483.02 310377 1000 651000 652000
m0XdS3t2_EiU 137 2486 310750 1000 652000 653000
m0XdS3t2_EiU 137 2748.3 343538 1000 653000 654000
m0XdS3t2_EiU 137 2900.96 362620 1000 654000 655000
m0XdS3t2_EiU 137 1990.6 248825 1000 655000 656000
m0XdS3t2_EiU 137 2183.03 272879 1000 656000 657000
m0XdS3t2_EiU 137 2128.44 266055 1000 657000 658000
m0XdS3t2_EiU 137 3145.32 393165 1000 658000 659000
m0XdS3t2_EiU 137 2489.13 311141 1000 659000 660000
m0XdS3t2_EiU 137 1792.01 224001 1000 660000 661000
m0XdS3t2_EiU 137 2117.38 264673 1000 661000 662000
m0XdS3t2_EiU 137 2095.61 261951 1000 662000 663000
m0XdS3t2_EiU 137 2414.11 301764 1000 663000 664000
m0XdS3t2_EiU 137 3269.33 408666 1000 664000 665000
m0XdS3t2_EiU 137 2154.5 269312 1000 665000 666000
m0XdS3t2_EiU 137 2166.7 270838 1000 666000 667000
m0XdS3t2_EiU 137 2166.74 270842 1000 667000 668000
m0XdS3t2_EiU 137 1954.41 244301 1000 668000 669000
m0XdS3t2_EiU 137 3474.63 434329 1000 669000 670000
m0XdS3t2_EiU 137 2865.1 358137 1000 670000 671000
m0XdS3t2_EiU 137 2394.81 299351 1000 671000 672000
m0XdS3t2_EiU 137 2520.47 315059 1000 672000 673000
m0XdS3t2_EiU 137 2607.88 325985 1000 673000 674000
m0XdS3t2_EiU 137 2785.49 348186 1000 674000 675000
m0XdS3t2_EiU 137 3234.19 404274 1000 675000 676000
m0XdS3t2_EiU 137 2516.67 314584 1000 676000 677000
m0XdS3t2_EiU 137 2637.1 329638 1000 677000 678000
m0XdS3t2_EiU 137 2489.82 311227 1000 678000 679000
m0XdS3t2_EiU 137 2741.71 342714 1000 679000 680000
m0XdS3t2_EiU 137 3068.84 383605 1000 680000 681000
m0XdS3t2_EiU 137 2489.1 311137 1000 681000 682000
m0XdS3t2_EiU 137 1944.13 243016 1000 682000 683000
m0XdS3t2_EiU 137 1844.42 230552 1000 683000 684000
m0XdS3t2_EiU 137 2048.26 256033 1000 684000 685000
m0XdS3t2_EiU 137 2627.59 328449 1000 685000 686000
m0XdS3t2_EiU 137 2458.69 307336 1000 686000 687000
m0XdS3t2_EiU 137 1761.39 220174 1000 687000 688000
m0XdS3t2_EiU 137 2099.23 262404 1000 688000 689000
m0XdS3t2_EiU 137 2125.09 265636 1000 689000 690000
m0XdS3t2_EiU 137 2482.25 310281 1000 690000 691000
m0XdS3t2_EiU 137 3216.78 402097 1000 691000 692000
m0XdS3t2_EiU 137 2345.65 293206 1000 692000 693000
m0XdS3t2_EiU 137 2093.9 261738 1000 693000 694000
m0XdS3t2_EiU 137 1923.28 240410 1000 694000 695000
m0XdS3t2_EiU 137 1671.06 208883 1000 695000 696000
m0XdS3t2_EiU 137 3050.72 381340 1000 696000 697000
m0XdS3t2_EiU 137 2713.01 339126 1000 697000 698000
m0XdS3t2_EiU 137 2120.54 265067 1000 698000 699000
m0XdS3t2_EiU 137 2162.72 270340 1000 699000 700000
m0XdS3t2_EiU 137 1966.63 245829 1000 700000 701000
m0XdS3t2_EiU 137 2009.39 251174 1000 701000 702000
m0XdS3t2_EiU 137 4944.54 618068 1000 702000 703000
m0XdS3t2_EiU 137 4490.22 561278 1000 703000 704000
m0XdS3t2_EiU 137 4697.34 587167 1000 704000 705000
m0XdS3t2_EiU 137 3615.97 451996 1000 705000 706000
m0XdS3t2_EiU 137 2313.25 289156 1000 706000 707000
m0XdS3t2_EiU 137 3236.91 404614 1000 707000 708000
m0XdS3t2_EiU 137 2405.14 300643 1000 708000 709000
m0XdS3t2_EiU 137 1991.37 248921 1000 709000 710000
m0XdS3t2_EiU 137 1821.14 227642 1000 710000 711000
m0XdS3t2_EiU 137 2047.6 255950 1000 711000 712000
m0XdS3t2_EiU 137 2826.64 353330 1000 712000 713000
m0XdS3t2_EiU 137 2398.94 299867 1000 713000 714000
m0XdS3t2_EiU 137 1784.42 223052 1000 714000 715000
m0XdS3t2_EiU 137 1749.31 218664 1000 715000 716000
m0XdS3t2_EiU 137 1750.18 218772 1000 716000 717000
m0XdS3t2_EiU 137 1901.46 237682 1000 717000 718000
m0XdS3t2_EiU 137 3734.5 466813 1000 718000 719000
m0XdS3t2_EiU 137 4729.26 591158 1000 719000 720000
m0XdS3t2_EiU 137 4950.63 618829 1000 720000 721000
m0XdS3t2_EiU 137 4075.96 509495 1000 721000 722000
m0XdS3t2_EiU 137 3739.82 467478 1000 722000 723000
m0XdS3t2_EiU 137 2916.29 364536 1000 723000 724000
m0XdS3t2_EiU 137 3679.27 459909 1000 724000 725000
m0XdS3t2_EiU 137 5426.09 678261 1000 725000 726000
m0XdS3t2_EiU 137 4036.25 504531 1000 726000 727000
m0XdS3t2_EiU 137 3000.04 375005 1000 727000 728000
m0XdS3t2_EiU 137 3615.27 451909 1000 728000 729000
m0XdS3t2_EiU 137 2709.85 338731 1000 729000 730000
m0XdS3t2_EiU 137 2164.18 270523 1000 730000 731000
m0XdS3t2_EiU 137 2139.99 267499 1000 731000 732000
m0XdS3t2_EiU 137 2132.94 266618 1000 732000 733000
m0XdS3t2_EiU 137 2225.06 278132 1000 733000 734000
m0XdS3t2_EiU 137 3610.31 451289 1000 734000 735000
m0XdS3t2_EiU 137 2857.84 357230 1000 735000 736000
m0XdS3t2_EiU 137 2295.01 286876 1000 736000 737000
m0XdS3t2_EiU 137 1752.85 219106 1000 737000 738000
m0XdS3t2_EiU 137 2064.35 258044 1000 738000 739000
m0XdS3t2_EiU 137 2752.57 344071 1000 739000 740000
m0XdS3t2_EiU 137 2667.54 333442 1000 740000 741000
m0XdS3t2_EiU 137 1911.11 238889 1000 741000 742000
m0XdS3t2_EiU 137 2047.22 255903 1000 742000 743000
m0XdS3t2_EiU 137 2118.11 264764 1000 743000 744000
m0XdS3t2_EiU 137 2325.44 290680 1000 744000 745000
m0XdS3t2_EiU 137 3519.83 439979 1000 745000 746000
m0XdS3t2_EiU 137 2579.08 322385 1000 746000 747000
m0XdS3t2_EiU 137 2587.82 323477 1000 747000 748000
m0XdS3t2_EiU 137 2409.22 301152 1000 748000 749000
m0XdS3t2_EiU 137 2216.58 277072 1000 749000 750000
m0XdS3t2_EiU 137 3749.67 468709 1000 750000 751000
m0XdS3t2_EiU 137 3889.84 486230 1000 751000 752000
m0XdS3t2_EiU 137 2689.38 336173 1000 752000 753000
m0XdS3t2_EiU 137 1028.22 128527 1000 753000 754000
m0XdS3t2_EiU 137 1196.92 149615 1000 754000 755000
m0XdS3t2_EiU 137 875.008 109376 1000 755000 756000
m0XdS3t2_EiU 137 2195.33 274416 1000 756000 757000
m0XdS3t2_EiU 137 2520.77 315096 1000 757000 758000
m0XdS3t2_EiU 137 2384.59 298074 1000 758000 759000
m0XdS3t2_EiU 137 1875.54 234443 1000 759000 760000
m0XdS3t2_EiU 137 2000.85 250106 1000 760000 761000
m0XdS3t2_EiU 137 2849.86 356233 1000 761000 762000
m0XdS3t2_EiU 137 2006.95 250869 1000 762000 763000
